0.01 -2 0 0
0.0502419 -2 0 0
0.0904838 -2 0 0
0.130726 -2 0 0
0.170968 -2 0 0
0.211209 -2 0 0
0.251451 -2 0 0
0.291693 -2 0 0
0.331935 -2 0 0
0.372177 -2 0 1.30061e-08
0.412419 -2 4.18076e-06 1.75582e-07
0.452661 -2 0 9.52694e-07
0.492903 -2 2.04872e-05 3.78801e-06
0.533145 -2 5.75274e-05 1.31849e-05
0.573387 -1.99999 0.000159938 3.88231e-05
0.613629 -1.99998 0.000322863 9.54189e-05
0.653871 -1.99996 0.00070924 0.00021554
0.694113 -1.99992 0.001361 0.000440245
0.734355 -1.99985 0.00215281 0.000828642
0.774597 -1.99974 0.00356956 0.00146919
0.814839 -1.99955 0.00551473 0.00245973
0.855081 -1.99927 0.00815776 0.00394707
0.895323 -1.9989 0.0112369 0.00606633
0.935565 -1.99839 0.0151568 0.00899509
0.975806 -1.99767 0.019979 0.0129354
1.01605 -1.99674 0.0260634 0.0181305
1.05629 -1.99558 0.0329582 0.0248007
1.09653 -1.99408 0.0410105 0.0332579
1.13677 -1.99229 0.0505603 0.0437824
1.17702 -1.99009 0.0604928 0.0566479
1.21726 -1.98743 0.0724051 0.072248
1.2575 -1.98422 0.0859819 0.0909787
1.29774 -1.98049 0.0995513 0.113198
1.33798 -1.97614 0.115915 0.139278
1.37823 -1.97121 0.133414 0.169767
1.41847 -1.96538 0.15361 0.205103
1.45871 -1.95864 0.173767 0.245863
1.49895 -1.95136 0.19703 0.292636
1.53919 -1.94306 0.220931 0.346032
1.57944 -1.93342 0.248005 0.406576
1.61968 -1.92284 0.277529 0.475376
1.65992 -1.9112 0.308271 0.553074
1.70016 -1.89803 0.341654 0.640705
1.7404 -1.8837 0.377656 0.738972
1.78065 -1.86774 0.419464 0.84961
1.82089 -1.84975 0.463606 0.973459
1.86113 -1.83031 0.513167 1.11232
1.90137 -1.80884 0.569899 1.26855
1.94161 -1.78483 0.626596 1.44348
1.98185 -1.75828 0.693601 1.63982
2.0221 -1.72917 0.768776 1.86106
2.06234 -1.69655 0.859778 2.11148
2.10258 -1.65975 0.973627 2.39842
2.14282 -1.61715 1.11797 2.72779
2.18306 -1.56941 1.30145 3.11424
2.22331 -1.51269 1.53832 3.57695
2.26355 -1.44455 1.78633 4.12987
2.30379 -1.37125 1.86326 4.74857
2.34403 -1.2978 1.68856 5.36434
2.38427 -1.23607 1.4066 5.9051
2.42452 -1.18444 1.1737 6.36713
2.46476 -1.14077 1.0011 6.76535
2.505 -1.10352 0.883261 7.12114
2.54524 -1.06956 0.795856 7.44612
2.58548 -1.03903 0.730431 7.7488
2.62573 -1.01067 0.678143 8.03279
2.66597 -0.984495 0.631057 8.30097
2.70621 -0.95974 0.589734 8.55594
2.74645 -0.936605 0.558026 8.7999
2.78669 -0.91489 0.523436 9.0325
2.82694 -0.894498 0.495592 9.25534
2.86718 -0.875033 0.472016 9.46919
2.90742 -0.856636 0.449245 9.67518
2.94766 -0.83885 0.423243 9.87328
2.9879 -0.822488 0.408455 10.0636
3.02815 -0.806543 0.391853 10.2488
3.06839 -0.790747 0.374258 10.4268
3.10863 -0.776122 0.356405 10.5987
3.14887 -0.76217 0.34056 10.7656
3.18911 -0.748439 0.327853 10.9267
3.22935 -0.735794 0.320039 11.0828
3.2696 -0.723067 0.303895 11.2347
3.30984 -0.711291 0.292845 11.3812
3.35008 -0.699981 0.283941 11.5242
3.39032 -0.688935 0.272112 11.6633
3.43056 -0.677885 0.262952 11.7985
3.47081 -0.667252 0.253488 11.9295
3.51105 -0.657242 0.243862 12.0571
3.55129 -0.647667 0.236703 12.1813
3.59153 -0.638078 0.230532 12.3023
3.63177 -0.629349 0.222411 12.4199
3.67202 -0.620352 0.217351 12.5352
3.71226 -0.611798 0.208336 12.6473
3.7525 -0.603676 0.203113 12.7561
3.79274 -0.595541 0.197437 12.863
3.83298 -0.587498 0.192091 12.9669
3.87323 -0.579553 0.187987 13.0685
3.91347 -0.572574 0.181432 13.1679
3.95371 -0.565348 0.17607 13.2647
3.99395 -0.558332 0.172557 13.3597
4.03419 -0.55141 0.167708 13.452
4.07444 -0.544821 0.163611 13.5428
4.11468 -0.538322 0.159266 13.6313
4.15492 -0.531868 0.156281 13.7184
4.19516 -0.525788 0.151796 13.8026
4.2354 -0.519416 0.146232 13.8859
4.27565 -0.514188 0.14406 13.9675
4.31589 -0.508316 0.141637 14.047
4.35613 -0.502586 0.1376 14.1251
4.39637 -0.496958 0.134662 14.2015
4.43661 -0.49185 0.131431 14.2768
4.47685 -0.486614 0.12763 14.3498
4.5171 -0.481481 0.124717 14.4219
4.55734 -0.476604 0.122278 14.4928
4.59758 -0.471906 0.120448 14.5619
4.63782 -0.466984 0.117914 14.63
4.67806 -0.462623 0.114356 14.6964
4.71831 -0.457732 0.112116 14.7623
4.75855 -0.453505 0.10916 14.8264
4.79879 -0.448838 0.108931 14.8895
4.83903 -0.444502 0.105498 14.9512
4.87927 -0.4405 0.103131 15.0122
4.91952 -0.436028 0.100666 15.0722
4.95976 -0.432038 0.0995774 15.131
5 -0.428225 0.0976307 15.1883
