0.01 -2 0
0.217917 -2 0
0.425833 -2 0
0.63375 -2 0
0.841667 -2 0
1.04958 -1.99556 0.0548684
1.2575 -1.98622 0.0684666
1.46542 -1.95067 0.234201
1.67333 -1.892 0.462278
1.88125 -1.83244 0.403919
2.08917 -1.66133 1.64784
2.29708 -1.38222 2.9359
2.505 -1.05822 0.415588
2.71292 -0.929778 0.745322
2.92083 -0.873333 0.249748
3.12875 -0.750222 0.246551
3.33667 -0.696889 0.181333
3.54458 -0.664889 0.374458
3.7525 -0.568444 0.132678
3.96042 -0.526222 0.0437958
4.16833 -0.526667 0.154961
4.37625 -0.509778 0.283131
4.58417 -0.488444 0.0471123
4.79208 -0.442222 0.14078
5 -0.42 0.0526578
