0.01 -2 0
0.060404 -2 0
0.110808 -2 0
0.161212 -2 0
0.211616 -2 0
0.26202 -2 0
0.312424 -2 0
0.362828 -2 0
0.413232 -2 0
0.463636 -2 0
0.51404 -2 0
0.564444 -2 0
0.614848 -2 0
0.665253 -1.992 0.130152
0.715657 -2 0
0.766061 -2 0
0.816465 -1.976 0.393631
0.866869 -1.992 0.0766507
0.917273 -1.992 0.0684582
0.967677 -1.964 0.42546
1.01808 -1.94 0.779555
1.06848 -1.984 0.089694
1.11889 -1.924 0.318233
1.16929 -1.904 0.449371
1.2197 -1.924 0.267803
1.2701 -1.884 0.802402
1.32051 -1.776 1.06805
1.37091 -1.8 1.60052
1.42131 -1.828 0.412647
1.47172 -1.796 1.45451
1.52212 -1.608 1.2403
1.57253 -1.648 0.864433
1.62293 -1.48 2.13827
1.67333 -1.476 2.0394
1.72374 -1.564 0.823351
1.77414 -1.404 0.99073
1.82455 -1.136 2.40507
1.87495 -1.04 2.22106
1.92535 -1.176 0.744109
1.97576 -1.16 1.88543
2.02616 -0.996 1.22728
2.07657 -1.06 0.647477
2.12697 -0.768 0.903979
2.17737 -0.86 1.50687
2.22778 -0.752 0.662826
2.27818 -0.748 0.579872
2.32859 -0.78 0.361469
2.37899 -0.724 0.579264
2.42939 -0.688 0.513999
2.4798 -0.624 0.40173
2.5302 -0.648 0.583825
2.58061 -0.592 0.465138
2.63101 -0.624 1.23983
2.68141 -0.592 0.898139
2.73182 -0.696 0.318163
2.78222 -0.664 0.2654
2.83263 -0.624 0.830333
2.88303 -0.596 0.228878
2.93343 -0.66 0.346774
2.98384 -0.536 0.370919
3.03424 -0.644 0.130167
3.08465 -0.58 0.189174
3.13505 -0.604 0.252164
3.18545 -0.564 0.0771056
3.23586 -0.432 0.326394
3.28626 -0.52 0.12445
3.33667 -0.476 0.225485
3.38707 -0.396 0.126776
3.43747 -0.576 0.336351
3.48788 -0.528 0.125735
3.53828 -0.476 0.195408
3.58869 -0.548 0.0920592
3.63909 -0.508 0.328748
3.68949 -0.504 0.214393
3.7399 -0.54 0.06692
3.7903 -0.44 0.102461
3.84071 -0.5 0.102501
3.89111 -0.392 0.134841
3.94152 -0.448 0.100518
3.99192 -0.492 0.0944814
4.04232 -0.464 0.200142
4.09273 -0.416 0.164677
4.14313 -0.536 0.0879903
4.19354 -0.452 0.171139
4.24394 -0.38 0.19588
4.29434 -0.472 0.100296
4.34475 -0.444 0.14316
4.39515 -0.432 0.0824958
4.44556 -0.46 0.0846027
4.49596 -0.516 0.206514
4.54636 -0.332 0.0604565
4.59677 -0.368 0.113278
4.64717 -0.504 0.0343764
4.69758 -0.356 0.0456061
4.74798 -0.512 0.0763685
4.79838 -0.38 0.0350931
4.84879 -0.312 0.0677818
4.89919 -0.54 0.101658
4.9496 -0.38 0.136172
5 -0.324 0.138816
