1 -0.283828 129.086 0.146724 60.3542 -1.1811
1.11111 -0.301684 183.225 0.153152 73.4243 -1.13757
1.22222 -0.116897 131.646 0.0586436 40.493 -4.66348
1.33333 -0.0155633 6.01067 0.00808667 3.24539 -36.2616
1.44444 -7.52255 -30319.2 3.76675 -8446.59 0.911651
1.55556 -3.69246 -3795.49 1.8525 -1167.66 0.820684
1.66667 -0.0392089 32.4979 0.0197867 11.9542 -15.6722
1.77778 -0.0232206 16.511 0.0117726 6.59946 -26.777
1.88889 -7.79182 -22936.1 3.91644 -7726.3 0.915409
2 -0.0116856 8.41472 0.00590889 3.34681 -54.5692
