1.5 -1.95127 0.199471 0.986541 0.027123 0.666605
1.54082 -1.94223 0.223016 0.983892 0.0325607 0.66659
1.58163 -1.93302 0.25263 0.981077 0.0408106 0.666568
1.62245 -1.92243 0.270228 0.977812 0.0466849 0.66655
1.66327 -1.91007 0.303371 0.973916 0.0568337 0.66652
1.70408 -1.89678 0.352435 0.969597 0.0717121 0.666476
1.7449 -1.88227 0.385027 0.964759 0.0863037 0.666429
1.78571 -1.86505 0.425789 0.958808 0.105843 0.666366
1.82653 -1.84753 0.46202 0.952582 0.130076 0.666285
1.86735 -1.82708 0.507993 0.945217 0.158482 0.666185
1.90816 -1.80543 0.570509 0.93665 0.207764 0.666013
1.94898 -1.78086 0.6313 0.926668 0.269402 0.665789
1.9898 -1.75227 0.706304 0.914483 0.348802 0.665479
2.03061 -1.72198 0.79047 0.900333 0.493598 0.664936
2.07143 -1.69015 0.877342 0.884054 0.705173 0.664103
2.11224 -1.64969 0.999378 0.861748 1.11061 0.662605
2.15306 -1.60592 1.14406 0.83319 1.88619 0.659602
2.19388 -1.55437 1.36801 0.792709 3.79561 0.652814
2.23469 -1.49463 1.58126 0.732916 7.56786 0.637733
2.27551 -1.42314 1.87745 0.643426 13.3195 0.603909
2.31633 -1.3472 1.80473 0.533001 17.7288 0.544524
2.35714 -1.27644 1.61922 0.420464 18.1562 0.451311
2.39796 -1.21641 1.30093 0.335443 14.9204 0.358716
2.43878 -1.16901 1.11024 0.276456 11.8843 0.279919
2.47959 -1.12761 0.937828 0.230832 8.99001 0.207937
2.52041 -1.09002 0.833252 0.199355 7.16348 0.140109
2.56122 -1.05705 0.784244 0.177743 5.70115 0.125319
2.60204 -1.02794 0.720724 0.160535 4.72748 0.0850452
2.64286 -0.999038 0.663166 0.145222 3.85804 0.0733009
2.68367 -0.972952 0.621632 0.135063 3.31564 0.0873716
2.72449 -0.949039 0.579208 0.126298 2.85408 0.0655965
2.76531 -0.92672 0.546606 0.11883 2.53931 0.0413216
2.80612 -0.905252 0.508262 0.113493 2.27015 0.043524
2.84694 -0.885488 0.479902 0.106446 1.9887 0.0399691
2.88776 -0.865456 0.448619 0.102242 1.82825 0.0334994
2.92857 -0.847744 0.439142 0.0976378 1.65324 0.0306693
2.96939 -0.829336 0.416837 0.0931342 1.47233 0.031441
3.0102 -0.813268 0.396564 0.08987 1.3367 0.0232988
3.05102 -0.79849 0.378833 0.0867107 1.24729 0.0251667
3.09184 -0.78165 0.359715 0.0840022 1.13814 0.0184467
3.13265 -0.767489 0.347087 0.0817738 1.07391 0.00984343
3.17347 -0.753903 0.331931 0.0795689 1.0136 0.0146574
3.21429 -0.741032 0.324347 0.0782798 0.955045 0.0212887
3.2551 -0.727739 0.305996 0.0745136 0.869131 0.018266
3.29592 -0.71568 0.300091 0.0738136 0.843691 -0.00883291
3.33673 -0.70276 0.283681 0.071924 0.783109 0.024637
3.37755 -0.692653 0.275211 0.0699767 0.745292 0.0123325
3.41837 -0.679958 0.263264 0.0684447 0.70221 0.00660899
3.45918 -0.670258 0.255421 0.067664 0.661145 0.0234273
3.5 -0.65931 0.243335 0.0654542 0.63988 -0.0110334
