0.01 -2 0 0
0.272632 -2 0 0
0.535263 -2 0 4.44444e-07
0.797895 -1.99973 0.00325042 9.92593e-05
1.06053 -1.99582 0.0293431 0.00115267
1.32316 -1.9788 0.07491 0.0058757
1.58579 -1.93529 0.242528 0.0191111
1.84842 -1.83431 0.579027 0.0486122
2.11105 -1.65373 0.900197 0.11168
2.37368 -1.23956 1.4091 0.262374
2.63632 -1.00284 0.59576 0.369023
2.89895 -0.867333 0.553198 0.439192
3.16158 -0.751956 0.260193 0.4925
3.42421 -0.685467 0.275277 0.536512
3.68684 -0.629556 0.195983 0.573338
3.94947 -0.570667 0.150899 0.603775
4.21211 -0.527111 0.116496 0.630163
4.47474 -0.487956 0.124145 0.653484
4.73737 -0.453333 0.13392 0.673956
5 -0.424622 0.0930335 0.691938
