0.01 -2 0
0.0502419 -2 0
0.0904839 -2 0
0.130726 -2 0
0.170968 -2 0
0.21121 -2 0
0.251452 -2 0
0.291694 -2 0
0.331935 -1.99996 0.00515289
0.372177 -1.99995 0.0051153
0.412419 -1.99975 0.0214124
0.452661 -1.99954 0.0309901
0.492903 -1.9995 0.0248392
0.533145 -1.99895 0.0420487
0.573387 -1.99876 0.0388029
0.613629 -1.99826 0.04959
0.653871 -1.99778 0.0548036
0.694113 -1.99672 0.0683874
0.734355 -1.99547 0.093742
0.774597 -1.9942 0.11661
0.814839 -1.99188 0.117233
0.855081 -1.98885 0.150602
0.895323 -1.98491 0.178912
0.935565 -1.97924 0.337834
0.975806 -1.9727 0.391661
1.01605 -1.96909 0.448216
1.05629 -1.95414 0.651056
1.09653 -1.94356 0.933654
1.13677 -1.93127 0.998395
1.17702 -1.9134 1.03602
1.21726 -1.8962 1.17194
1.2575 -1.87466 1.90129
1.29774 -1.84446 1.93969
1.33798 -1.80788 2.90378
1.37823 -1.77323 3.41347
1.41847 -1.7201 4.65608
1.45871 -1.66319 6.59479
1.49895 -1.60532 7.18302
1.53919 -1.5268 8.2403
1.57944 -1.43345 9.36631
1.61968 -1.33154 10.9703
1.65992 -1.22428 9.98357
1.70016 -1.10484 8.35708
1.7404 -1.03108 6.43721
1.78065 -0.9572 5.01269
1.82089 -0.877644 3.79623
1.86113 -0.831102 2.67451
1.90137 -0.798382 2.36026
1.94161 -0.768729 2.02247
1.98185 -0.725947 1.55091
2.0221 -0.708658 1.44437
2.06234 -0.685564 1.33574
2.10258 -0.672791 1.16741
2.14282 -0.656187 0.977387
2.18306 -0.644284 1.03274
2.22331 -0.628942 0.913889
2.26355 -0.61944 0.796759
2.30379 -0.606151 0.799227
2.34403 -0.600169 0.760205
2.38427 -0.597698 0.637242
2.42452 -0.586587 0.68413
2.46476 -0.585156 0.657135
2.505 -0.57432 0.609255
2.54524 -0.573982 0.578484
2.58548 -0.568133 0.531417
2.62573 -0.565173 0.500286
2.66597 -0.558418 0.495673
2.70621 -0.557342 0.510897
2.74645 -0.554391 0.430111
2.78669 -0.548382 0.421898
2.82694 -0.54584 0.453303
2.86718 -0.539973 0.452127
2.90742 -0.545227 0.383126
2.94766 -0.534151 0.362349
2.9879 -0.534507 0.319064
3.02815 -0.53184 0.368262
3.06839 -0.528089 0.314391
3.10863 -0.523369 0.336121
3.14887 -0.516551 0.32102
3.18911 -0.515689 0.311066
3.22935 -0.510773 0.292604
3.2696 -0.514169 0.282805
3.30984 -0.505004 0.268881
3.35008 -0.504818 0.271307
3.39032 -0.503769 0.247569
3.43056 -0.501431 0.228392
3.47081 -0.493182 0.230805
3.51105 -0.490969 0.203918
3.55129 -0.486222 0.214782
3.59153 -0.478684 0.220681
3.63177 -0.477413 0.209497
3.67202 -0.475511 0.214923
3.71226 -0.474942 0.176955
3.7525 -0.468738 0.203422
3.79274 -0.46304 0.192521
3.83298 -0.459013 0.188043
3.87323 -0.455449 0.179355
3.91347 -0.455467 0.180008
3.95371 -0.449644 0.154048
3.99395 -0.452951 0.164246
4.03419 -0.443929 0.172586
4.07444 -0.440951 0.152164
4.11468 -0.434027 0.146688
4.15492 -0.435378 0.137612
4.19516 -0.433884 0.157887
4.2354 -0.428658 0.145126
4.27565 -0.42568 0.141238
4.31589 -0.418818 0.12455
4.35613 -0.4168 0.12099
4.39637 -0.416596 0.115356
4.43661 -0.410951 0.117638
4.47685 -0.410036 0.118757
4.5171 -0.408276 0.120037
4.55734 -0.404284 0.111185
4.59758 -0.39952 0.110688
4.63782 -0.399529 0.102761
4.67806 -0.394596 0.103163
4.71831 -0.390249 0.106307
4.75855 -0.386702 0.104476
4.79879 -0.384809 0.108397
4.83903 -0.382996 0.101056
4.87927 -0.380178 0.115732
4.91952 -0.380462 0.105031
4.95976 -0.374613 0.0970735
5 -0.372364 0.101184
